3 18 8 9 10 12 13 18 24 25 32 51 111 136 151 153 689 690 691 699
4 7 6 9 13 17 52 117 690
6 12 4 8 9 12 13 17 19 21 22 52 117 128
7 11 8 13 16 22 23 29 71 72 126 128 553
8 25 3 6 7 12 13 23 25 71 72 81 82 111 126 128 129 131 141 151 153 503 504 505 552 553 554
9 38 3 4 6 10 12 13 22 23 32 51 52 71 73 74 75 83 85 127 131 133 135 136 138 141 142 227 231 233 236 238 299 600 687 688 689 690 691 699
10 4 3 9 13 25
12 11 3 6 8 9 13 19 20 21 22 25 117
13 20 3 4 6 7 8 9 10 12 17 18 20 21 22 23 25 32 51 128 141 142
16 6 7 17 18 19 22 117
17 7 4 6 13 16 18 19 117
18 5 3 13 16 17 19
19 7 6 12 16 17 18 20 21
20 6 12 13 19 24 25 153
21 4 6 12 13 19
22 7 6 7 9 12 13 16 117
23 9 7 8 9 13 72 76 82 84 551
24 3 3 20 153
25 6 3 8 10 12 13 20
29 6 7 52 128 142 146 231
32 9 3 9 13 127 135 136 227 235 236
51 10 3 9 13 111 126 129 131 133 141 145
52 11 4 6 9 29 112 117 128 142 146 231 233
71 7 7 8 9 73 75 81 141
72 7 7 8 23 74 76 82 231
73 6 9 71 81 83 131 141
74 7 9 72 82 84 86 142 231
75 7 9 71 81 83 85 505 600
76 5 23 72 82 86 600
81 8 8 71 73 75 83 85 131 505
82 10 8 23 72 74 76 84 86 231 505 600
83 5 9 73 75 81 131
84 5 23 74 82 86 231
85 4 9 75 81 600
86 5 74 76 82 84 600
111 3 3 8 51
112 2 52 117
117 8 4 6 12 16 17 22 52 112
126 7 7 8 51 129 131 141 145
127 3 9 32 136
128 7 6 7 8 13 29 52 142
129 5 8 51 126 141 145
131 21 8 9 51 73 81 83 126 133 137 138 141 299 501 502 503 504 505 552 553 554 555
133 9 9 51 131 137 299 501 502 503 504
135 10 9 32 136 299 687 688 689 690 691 699
136 9 3 9 32 127 135 138 299 691 699
137 19 131 133 143 237 299 409 410 411 412 501 502 503 504 505 600 690 691 692 699
138 5 9 131 136 299 600
139 2 140 299
140 3 139 143 299
141 10 8 9 13 51 71 73 126 129 131 145
142 10 9 13 29 52 74 128 146 231 503 553
143 4 137 140 299 600
145 4 51 126 129 141
146 3 29 52 142
151 2 3 8
153 4 3 8 20 24
227 3 9 32 236
231 19 9 29 52 72 74 82 84 142 233 237 238 299 501 502 503 504 553 554 555
233 10 9 52 231 237 501 502 503 504 554 555
235 9 32 236 299 686 687 688 689 690 691
236 8 9 32 227 235 238 299 690 691
237 18 137 231 233 241 299 409 410 411 412 501 502 503 504 505 600 690 691 692
238 5 9 231 236 299 600
239 2 240 299
240 3 239 241 299
241 4 237 240 299 600
299 19 9 131 133 135 136 137 138 139 140 143 231 235 236 237 238 239 240 241 600
409 3 137 237 410
410 8 137 237 409 411 558 559 690 699
411 7 137 237 410 412 557 558 691
412 7 137 237 411 501 556 557 692
501 10 131 133 137 231 233 237 412 502 555 556
502 10 131 133 137 231 233 237 501 503 554 555
503 12 8 131 133 137 142 231 233 237 502 504 553 554
504 11 8 131 133 137 231 233 237 503 505 552 553
505 11 8 75 81 82 131 137 237 504 551 552 600
551 3 23 505 600
552 4 8 131 504 505
553 7 7 8 131 142 231 503 504
554 6 8 131 231 233 502 503
555 5 131 231 233 501 502
556 2 412 501
557 2 411 412
558 2 410 411
559 2 410 690
600 15 9 75 76 82 85 86 137 138 143 237 238 241 299 505 551
686 1 235
687 3 9 135 235
688 3 9 135 235
689 4 3 9 135 235
690 11 3 4 9 135 137 235 236 237 410 559 699
691 10 3 9 135 136 137 235 236 237 411 699
692 3 137 237 412
699 8 3 9 135 136 137 410 690 691
